> python 4b.py
1 12345
2 44827
3 45439
4 94485
5 72198
6 80992
7 8880
8 40961
9 58765
10 46561
11 13418
12 41954
13 46782
14 92730
15 89229
16 25646
17 74288
18 25945
19 39876
20 8498
21 34684
22 62316
23 71331
24 59717
25 76893
26 44091
27 73241
28 19242
29 17476
30 39566
31 81293
32 25857
33 74343
34 39410
35 5505
36 27104
37 54003
38 23501
39 21110
40 88399
41 49740
42 31552
43 39998
44 19755
45 64624
46 37817
47 43427
48 15115
49 44327
50 7715
51 15248
52 61895
53 54759
54 54270
55 51332
56 63481
57 12362
58 94476
59 87810
60 6027
61 47551
62 79498
63 81226
64 4256
65 62734
66 25666
67 14781
68 21412
69 55205
70 65516
71 53535
72 4437
73 43442
74 91308
75 1312
76 36268
77 34289
78 46384
79 18097
80 9401
81 54249
82 29247
83 13115
84 23053
85 3875
86 16044
87 going.
88 72758
89 71301
90 55577
91 88786
92 32293
93 87798
94 24838
95 66137
96 88016
97 36876
98 33179
99 90231
100 17825
101 84361
102 99222
103 87348
104 47100
105 90650
106 84369
107 36116
108 96544
109 62892
110 43790
111 67652
112 32839
113 5353
114 63153
115 48029
116 84141
117 14662
118 78566
119 18131
120 710
121 67500
122 34992
123 64568
124 8155
125 30579
126 11629
127 32490
128 47936
129 51350
130 51877
131 38270
132 41643
133 23416
134 54432
135 4448
136 30086
137 93346
138 53491
139 31248
140 37446
141 11309
142 13878
143 31404
144 27786
145 16030
146 4689
147 16553
148 98150
149 19224
150 71919
151 53068
152 71407
153 54264
154 33407
155 11086
156 72527
157 92923
158 93389
159 94438
160 88796
161 90785
162 73079
163 75559
164 53223
165 75979
166 55749
167 52948
168 71569
169 10240
170 3064
171 29818
172 88835
173 38200
174 32515
175 43551
176 1398
177 23580
178 31619
179 83052
180 37409
181 85052
182 13510
183 43240
184 5868
185 19337
186 21122
187 92118
188 44659
189 60291
190 29895
191 98452
192 42243
193 25755
194 28879
195 37149
196 17033
197 543
198 82304
199 80616
200 36217
201 16201
202 33304
203 20091
204 93295
205 75485
206 1765
207 76626
208 92820
209 52222
210 2892
211 65776
212 817
213 2025
214 94455
215 47579
216 56908
217 39768
218 76810
219 36875
220 97644
221 84602
222 86446
223 71359
224 33883
225 70553
226 98832
227 60599
228 17342
229 74423
230 41609
231 54377
232 33490
233 35815
234 59166
235 11441
236 94796
237 68509
238 45872
239 81664
240 94537
241 36571
242 52815
243 54533
244 74595
245 55654
246 48550
247 56044
248 25536
249 30479
250 77512
251 94866
252 26746
253 44833
254 96169
255 73807
256 65481
257 28520
258 71069
259 40951
260 72828
261 80158
262 22504
263 69881
264 15695
265 49718
266 64436
267 27671
268 44306
269 59668
270 52257
271 7219
272 36882
273 48246
274 10907
275 57291
276 15565
277 40253
278 57887
279 75107
280 4757
281 3219
282 84631
283 75550
284 30793
285 30982
286 4391
287 86607
288 41433
289 97107
290 89858
291 186
292 37842
293 2777
294 44508
295 48314
296 48355
297 67280
298 852
299 6756
300 93964
301 51422
302 82972
303 20192
304 12568
305 33780
306 28995
307 94122
308 13677
309 78020
310 50718
311 3014
312 87513
313 60592
314 16613
315 48784
316 91727
317 81823
318 92306
319 82052
320 99401
321 2228
322 69304
323 36845
324 72224
325 84132
326 92376
327 40503
328 67329
329 56881
330 72156
331 46463
332 62058
333 54696
334 65731
335 38290
336 57913
337 6309
338 73902
339 19934
340 16055
341 50563
342 47825
343 73265
344 90961
345 29740
346 43628
347 11088
348 93781
349 55840
350 80842
351 59022
352 23298
353 27709
354 96791
355 75635
356 52899
357 66831
358 peak.html
359 72758
360 71301
361 55577
362 88786
363 32293
364 87798
365 24838
366 66137
367 88016
368 36876
369 33179
370 90231
371 17825
372 84361
373 99222
374 87348
375 47100
376 90650
377 84369
378 36116
379 96544
380 62892
381 43790
382 67652
383 32839
384 5353
385 63153
386 48029
387 84141
388 14662
389 78566
390 18131
391 710
392 67500
393 34992
394 64568
395 8155
396 30579
397 11629
398 32490
399 47936
400 51350
401 51877
> 
